378 224 -78.690063 -19.440035 -49.939217 28.750847 30.499182
822 225 -99.090271 -159.193207 -130.135483 31.045212 29.057724
463 327 -49.939209 -124.992020 -85.515396 35.576187 39.476624
735 331 -127.954224 -57.380756 -94.484604 33.469620 37.103848
229 368 -13.240509 -75.699722 -45.578724 32.338215 30.120998
968 370 -165.425781 -105.154068 -135.000000 30.425781 29.845932
326 465 24.274441 -44.409344 -5.599339 29.873779 38.810005
873 465 154.798874 -135.000000 -175.515396 29.685730 40.515396
476 478 -4.484619 -84.289406 -45.000000 40.515381 39.289406
722 479 -174.289413 -95.826340 -135.000000 39.289413 39.173660
205 521 54.462322 -4.484606 -334.798889 29.261200 29.685730
993 521 125.960518 -175.515396 -205.201126 28.838348 29.685730
599 602 -135.000000 -45.567265 -90.000000 45.000000 44.432735