0.016667 81.400552 89.045026
0.050000 75.310967 87.134016
0.083333 70.587018 85.219808
0.116667 66.366480 83.300235
0.150000 62.274028 81.373073
0.183333 58.498387 79.436022
0.216667 54.873955 77.486675
0.250000 51.636428 75.522488
0.283333 48.664158 73.540750
0.316667 45.995492 71.538542
0.350000 43.607649 69.512685
0.383333 41.563209 67.459690
0.416667 39.793878 65.375682
0.450000 38.073452 63.256316
0.483333 36.583868 61.096665
0.516667 35.204096 58.891077
0.550000 33.978536 56.632987
0.583333 32.801705 54.314665
0.616667 31.898962 51.926877
0.650000 30.988354 49.458398
0.683333 30.107859 46.895326
0.716667 29.410171 44.220044
0.750000 28.778261 41.409622
0.783333 28.302613 38.433206
0.816667 27.915081 35.247507
0.850000 27.724815 31.788331
0.883333 27.603987 27.952887
0.916667 27.651524 23.556464
0.950000 27.871478 18.194872
0.983333 27.941170 10.475314
0.016667 88.994540 89.045026
0.050000 85.933054 87.134016
0.083333 83.248747 85.219808
0.116667 80.874354 83.300235
0.150000 78.428618 81.373073
0.183333 76.039663 79.436022
0.216667 73.766067 77.486675
0.250000 71.378124 75.522488
0.283333 69.086329 73.540750
0.316667 66.715318 71.538542
0.350000 64.426278 69.512685
0.383333 62.240033 67.459690
0.416667 59.991817 65.375682
0.450000 57.749838 63.256316
0.483333 55.465162 61.096665
0.516667 53.247643 58.891077
0.550000 50.982619 56.632987
0.583333 48.811461 54.314665
0.616667 46.408168 51.926877
0.650000 44.090685 49.458398
0.683333 41.752271 46.895326
0.716667 39.385902 44.220044
0.750000 36.918563 41.409622
0.783333 34.460271 38.433206
0.816667 31.743451 35.247507
0.850000 29.101716 31.788331
0.883333 26.092808 27.952887
0.916667 22.795357 23.556464
0.950000 18.985460 18.194872
0.983333 10.292201 10.475314
