0.016667 74.563339 89.045026
0.050000 71.999782 87.134016
0.083333 67.385858 85.219808
0.116667 62.400739 83.300235
0.150000 58.742554 81.373073
0.183333 57.250092 79.436022
0.216667 53.392485 77.486675
0.250000 50.854726 75.522488
0.283333 48.803996 73.540750
0.316667 46.230244 71.538542
0.350000 44.731527 69.512685
0.383333 41.847095 67.459690
0.416667 39.709251 65.375682
0.450000 38.847677 63.256316
0.483333 37.105140 61.096665
0.516667 35.593987 58.891077
0.550000 34.031619 56.632987
0.583333 32.335947 54.314665
0.616667 31.491660 51.926877
0.650000 29.859123 49.458398
0.683333 28.740691 46.895326
0.716667 28.290366 44.220044
0.750000 26.269951 41.409622
0.783333 25.534662 38.433206
0.816667 24.597068 35.247507
0.850000 24.027294 31.788331
0.883333 24.109584 27.952887
0.916667 23.708224 23.556464
0.950000 23.334816 18.194872
0.983333 24.163010 10.475314
0.016667 89.451279 89.045026
0.050000 89.649372 87.134016
0.083333 86.395954 85.219808
0.116667 79.532907 83.300235
0.150000 76.415819 81.373073
0.183333 77.766500 79.436022
0.216667 73.639900 77.486675
0.250000 70.992358 75.522488
0.283333 70.191740 73.540750
0.316667 69.004373 71.538542
0.350000 66.263818 69.512685
0.383333 64.336267 67.459690
0.416667 61.256104 65.375682
0.450000 58.135815 63.256316
0.483333 56.560276 61.096665
0.516667 52.352739 58.891077
0.550000 51.157282 56.632987
0.583333 48.613575 54.314665
0.616667 45.637496 51.926877
0.650000 44.767623 49.458398
0.683333 40.217192 46.895326
0.716667 37.931595 44.220044
0.750000 35.216801 41.409622
0.783333 32.094855 38.433206
0.816667 29.547953 35.247507
0.850000 26.471790 31.788331
0.883333 22.438339 27.952887
0.916667 18.707097 23.556464
0.950000 15.532723 18.194872
0.983333 9.429713 10.475314
